#1

# WLTC class 3 test cycle >34 W/kg =34 k/tonne
 double Cycle(1801,3)
#
#vehicles with a ratio of rated power in W / kerb mass in kg  > 34ù
#
#  where:
#    column 1 - time [s]
#    column 2 - desired speed [km/h]
#    column 3 - phase (1: low; 2: medium (middle), 3: 4; 4: Extra 4
0	0.0 	1
1	0.0 	1
2	0.0 	1
3	0.0 	1
4	0.0 	1
5	0.0 	1
6	0.0 	1
7	0.0 	1
8	0.0 	1
9	0.0 	1
10	0.0 	1
11	0.0 	1
12	0.2 	1
13	1.7 	1
14	5.4 	1
15	9.9 	1
16	13.1 	1
17	16.9 	1
18	21.7 	1
19	26.0 	1
20	27.5 	1
21	28.1 	1
22	28.3 	1
23	28.8 	1
24	29.1 	1
25	30.8 	1
26	31.9 	1
27	34.1 	1
28	36.6 	1
29	39.1 	1
30	41.3 	1
31	42.5 	1
32	43.3 	1
33	43.9 	1
34	44.4 	1
35	44.5 	1
36	44.2 	1
37	42.7 	1
38	39.9 	1
39	37.0 	1
40	34.6 	1
41	32.3 	1
42	29.0 	1
43	25.1 	1
44	22.2 	1
45	20.9 	1
46	20.4 	1
47	19.5 	1
48	18.4 	1
49	17.8 	1
50	17.8 	1
51	17.4 	1
52	15.7 	1
53	13.1 	1
54	12.1 	1
55	12.0 	1
56	12.0 	1
57	12.0 	1
58	12.3 	1
59	12.6 	1
60	14.7 	1
61	15.3 	1
62	15.9 	1
63	16.2 	1
64	17.1 	1
65	17.8 	1
66	18.1 	1
67	18.4 	1
68	20.3 	1
69	23.2 	1
70	26.5 	1
71	29.8 	1
72	32.6 	1
73	34.4 	1
74	35.5 	1
75	36.4 	1
76	37.4 	1
77	38.5 	1
78	39.3 	1
79	39.5 	1
80	39.0 	1
81	38.5 	1
82	37.3 	1
83	37.0 	1
84	36.7 	1
85	35.9 	1
86	35.3 	1
87	34.6 	1
88	34.2 	1
89	31.9 	1
90	27.3 	1
91	22.0 	1
92	17.0 	1
93	14.2 	1
94	12.0 	1
95	9.1 	1
96	5.8 	1
97	3.6 	1
98	2.2 	1
99	0.0 	1
100	0.0 	1
101	0.0 	1
102	0.0 	1
103	0.0 	1
104	0.0 	1
105	0.0 	1
106	0.0 	1
107	0.0 	1
108	0.0 	1
109	0.0 	1
110	0.0 	1
111	0.0 	1
112	0.0 	1
113	0.0 	1
114	0.0 	1
115	0.0 	1
116	0.0 	1
117	0.0 	1
118	0.0 	1
119	0.0 	1
120	0.0 	1
121	0.0 	1
122	0.0 	1
123	0.0 	1
124	0.0 	1
125	0.0 	1
126	0.0 	1
127	0.0 	1
128	0.0 	1
129	0.0 	1
130	0.0 	1
131	0.0 	1
132	0.0 	1
133	0.0 	1
134	0.0 	1
135	0.0 	1
136	0.0 	1
137	0.0 	1
138	0.2 	1
139	1.9 	1
140	6.1 	1
141	11.7 	1
142	16.4 	1
143	18.9 	1
144	19.9 	1
145	20.8 	1
146	22.8 	1
147	25.4 	1
148	27.7 	1
149	29.2 	1
150	29.8 	1
151	29.4 	1
152	27.2 	1
153	22.6 	1
154	17.3 	1
155	13.3 	1
156	12.0 	1
157	12.6 	1
158	14.1 	1
159	17.2 	1
160	20.1 	1
161	23.4 	1
162	25.5 	1
163	27.6 	1
164	29.5 	1
165	31.1 	1
166	32.1 	1
167	33.2 	1
168	35.2 	1
169	37.2 	1
170	38.0 	1
171	37.4 	1
172	35.1 	1
173	31.0 	1
174	27.1 	1
175	25.3 	1
176	25.1 	1
177	25.9 	1
178	27.8 	1
179	29.2 	1
180	29.6 	1
181	29.5 	1
182	29.2 	1
183	28.3 	1
184	26.1 	1
185	23.6 	1
186	21.0 	1
187	18.9 	1
188	17.1 	1
189	15.7 	1
190	14.5 	1
191	13.7 	1
192	12.9 	1
193	12.5 	1
194	12.2 	1
195	12.0 	1
196	12.0 	1
197	12.0 	1
198	12.0 	1
199	12.5 	1
200	13.0 	1
201	14.0 	1
202	15.0 	1
203	16.5 	1
204	19.0 	1
205	21.2 	1
206	23.8 	1
207	26.9 	1
208	29.6 	1
209	32.0 	1
210	35.2 	1
211	37.5 	1
212	39.2 	1
213	40.5 	1
214	41.6 	1
215	43.1 	1
216	45.0 	1
217	47.1 	1
218	49.0 	1
219	50.6 	1
220	51.8 	1
221	52.7 	1
222	53.1 	1
223	53.5 	1
224	53.8 	1
225	54.2 	1
226	54.8 	1
227	55.3 	1
228	55.8 	1
229	56.2 	1
230	56.5 	1
231	56.5 	1
232	56.2 	1
233	54.9 	1
234	52.9 	1
235	51.0 	1
236	49.8 	1
237	49.2 	1
238	48.4 	1
239	46.9 	1
240	44.3 	1
241	41.5 	1
242	39.5 	1
243	37.0 	1
244	34.6 	1
245	32.3 	1
246	29.0 	1
247	25.1 	1
248	22.2 	1
249	20.9 	1
250	20.4 	1
251	19.5 	1
252	18.4 	1
253	17.8 	1
254	17.8 	1
255	17.4 	1
256	15.7 	1
257	14.5 	1
258	15.4 	1
259	17.9 	1
260	20.6 	1
261	23.2 	1
262	25.7 	1
263	28.7 	1
264	32.5 	1
265	36.1 	1
266	39.0 	1
267	40.8 	1
268	42.9 	1
269	44.4 	1
270	45.9 	1
271	46.0 	1
272	45.6 	1
273	45.3 	1
274	43.7 	1
275	40.8 	1
276	38.0 	1
277	34.4 	1
278	30.9 	1
279	25.5 	1
280	21.4 	1
281	20.2 	1
282	22.9 	1
283	26.6 	1
284	30.2 	1
285	34.1 	1
286	37.4 	1
287	40.7 	1
288	44.0 	1
289	47.3 	1
290	49.2 	1
291	49.8 	1
292	49.2 	1
293	48.1 	1
294	47.3 	1
295	46.8 	1
296	46.7 	1
297	46.8 	1
298	47.1 	1
299	47.3 	1
300	47.3 	1
301	47.1 	1
302	46.6 	1
303	45.8 	1
304	44.8 	1
305	43.3 	1
306	41.8 	1
307	40.8 	1
308	40.3 	1
309	40.1 	1
310	39.7 	1
311	39.2 	1
312	38.5 	1
313	37.4 	1
314	36.0 	1
315	34.4 	1
316	33.0 	1
317	31.7 	1
318	30.0 	1
319	28.0 	1
320	26.1 	1
321	25.6 	1
322	24.9 	1
323	24.9 	1
324	24.3 	1
325	23.9 	1
326	23.9 	1
327	23.6 	1
328	23.3 	1
329	20.5 	1
330	17.5 	1
331	16.9 	1
332	16.7 	1
333	15.9 	1
334	15.6 	1
335	15.0 	1
336	14.5 	1
337	14.3 	1
338	14.5 	1
339	15.4 	1
340	17.8 	1
341	21.1 	1
342	24.1 	1
343	25.0 	1
344	25.3 	1
345	25.5 	1
346	26.4 	1
347	26.6 	1
348	27.1 	1
349	27.7 	1
350	28.1 	1
351	28.2 	1
352	28.1 	1
353	28.0 	1
354	27.9 	1
355	27.9 	1
356	28.1 	1
357	28.2 	1
358	28.0 	1
359	26.9 	1
360	25.0 	1
361	23.2 	1
362	21.9 	1
363	21.1 	1
364	20.7 	1
365	20.7 	1
366	20.8 	1
367	21.2 	1
368	22.1 	1
369	23.5 	1
370	24.3 	1
371	24.5 	1
372	23.8 	1
373	21.3 	1
374	17.7 	1
375	14.4 	1
376	11.9 	1
377	10.2 	1
378	8.9 	1
379	8.0 	1
380	7.2 	1
381	6.1 	1
382	4.9 	1
383	3.7 	1
384	2.3 	1
385	0.9 	1
386	0.0 	1
387	0.0 	1
388	0.0 	1
389	0.0 	1
390	0.0 	1
391	0.0 	1
392	0.5 	1
393	2.1 	1
394	4.8 	1
395	8.3 	1
396	12.3 	1
397	16.6 	1
398	20.9 	1
399	24.2 	1
400	25.6 	1
401	25.6 	1
402	24.9 	1
403	23.3 	1
404	21.6 	1
405	20.2 	1
406	18.7 	1
407	17.0 	1
408	15.3 	1
409	14.2 	1
410	13.9 	1
411	14.0 	1
412	14.2 	1
413	14.5 	1
414	14.9 	1
415	15.9 	1
416	17.4 	1
417	18.7 	1
418	19.1 	1
419	18.8 	1
420	17.6 	1
421	16.6 	1
422	16.2 	1
423	16.4 	1
424	17.2 	1
425	19.1 	1
426	22.6 	1
427	27.4 	1
428	31.6 	1
429	33.4 	1
430	33.5 	1
431	32.8 	1
432	31.9 	1
433	31.3 	1
434	31.1 	1
435	30.6 	1
436	29.2 	1
437	26.7 	1
438	23.0 	1
439	18.2 	1
440	12.9 	1
441	7.7 	1
442	3.8 	1
443	1.3 	1
444	0.2 	1
445	0.0 	1
446	0.0 	1
447	0.0 	1
448	0.0 	1
449	0.0 	1
450	0.0 	1
451	0.0 	1
452	0.0 	1
453	0.0 	1
454	0.0 	1
455	0.0 	1
456	0.0 	1
457	0.0 	1
458	0.0 	1
459	0.0 	1
460	0.0 	1
461	0.0 	1
462	0.0 	1
463	0.0 	1
464	0.0 	1
465	0.0 	1
466	0.0 	1
467	0.0 	1
468	0.0 	1
469	0.0 	1
470	0.0 	1
471	0.0 	1
472	0.0 	1
473	0.0 	1
474	0.0 	1
475	0.0 	1
476	0.0 	1
477	0.0 	1
478	0.0 	1
479	0.0 	1
480	0.0 	1
481	0.0 	1
482	0.0 	1
483	0.0 	1
484	0.0 	1
485	0.0 	1
486	0.0 	1
487	0.0 	1
488	0.0 	1
489	0.0 	1
490	0.0 	1
491	0.0 	1
492	0.0 	1
493	0.0 	1
494	0.0 	1
495	0.0 	1
496	0.0 	1
497	0.0 	1
498	0.0 	1
499	0.0 	1
500	0.0 	1
501	0.0 	1
502	0.0 	1
503	0.0 	1
504	0.0 	1
505	0.0 	1
506	0.0 	1
507	0.0 	1
508	0.0 	1
509	0.0 	1
510	0.0 	1
511	0.0 	1
512	0.5 	1
513	2.5 	1
514	6.6 	1
515	11.8 	1
516	16.8 	1
517	20.5 	1
518	21.9 	1
519	21.9 	1
520	21.3 	1
521	20.3 	1
522	19.2 	1
523	17.8 	1
524	15.5 	1
525	11.9 	1
526	7.6 	1
527	4.0 	1
528	2.0 	1
529	1.0 	1
530	0.0 	1
531	0.0 	1
532	0.0 	1
533	0.2 	1
534	1.2 	1
535	3.2 	1
536	5.2 	1
537	8.2 	1
538	13.0 	1
539	18.8 	1
540	23.1 	1
541	24.5 	1
542	24.5 	1
543	24.3 	1
544	23.6 	1
545	22.3 	1
546	20.1 	1
547	18.5 	1
548	17.2 	1
549	16.3 	1
550	15.4 	1
551	14.7 	1
552	14.3 	1
553	13.7 	1
554	13.3 	1
555	13.1 	1
556	13.1 	1
557	13.3 	1
558	13.8 	1
559	14.5 	1
560	16.5 	1
561	17.0 	1
562	17.0 	1
563	17.0 	1
564	15.4 	1
565	10.1 	1
566	4.8 	1
567	0.0 	1
568	0.0 	1
569	0.0 	1
570	0.0 	1
571	0.0 	1
572	0.0 	1
573	0.0 	1
574	0.0 	1
575	0.0 	1
576	0.0 	1
577	0.0 	1
578	0.0 	1
579	0.0 	1
580	0.0 	1
581	0.0 	1
582	0.0 	1
583	0.0 	1
584	0.0 	1
585	0.0 	1
586	0.0 	1
587	0.0 	1
588	0.0 	1
589	0.0 	1
590	0.0 	2
591	0.0 	2
592	0.0 	2
593	0.0 	2
594	0.0 	2
595	0.0 	2
596	0.0 	2
597	0.0 	2
598	0.0 	2
599	0.0 	2
600	0.0 	2
601	1.0 	2
602	2.1 	2
603	4.8 	2
604	9.1 	2
605	14.2 	2
606	19.8 	2
607	25.5 	2
608	30.5 	2
609	34.8 	2
610	38.8 	2
611	42.9 	2
612	46.4 	2
613	48.3 	2
614	48.7 	2
615	48.5 	2
616	48.4 	2
617	48.2 	2
618	47.8 	2
619	47.0 	2
620	45.9 	2
621	44.9 	2
622	44.4 	2
623	44.3 	2
624	44.5 	2
625	45.1 	2
626	45.7 	2
627	46.0 	2
628	46.0 	2
629	46.0 	2
630	46.1 	2
631	46.7 	2
632	47.7 	2
633	48.9 	2
634	50.3 	2
635	51.6 	2
636	52.6 	2
637	53.0 	2
638	53.0 	2
639	52.9 	2
640	52.7 	2
641	52.6 	2
642	53.1 	2
643	54.3 	2
644	55.2 	2
645	55.5 	2
646	55.9 	2
647	56.3 	2
648	56.7 	2
649	56.9 	2
650	56.8 	2
651	56.0 	2
652	54.2 	2
653	52.1 	2
654	50.1 	2
655	47.2 	2
656	43.2 	2
657	39.2 	2
658	36.5 	2
659	34.3 	2
660	31.0 	2
661	26.0 	2
662	20.7 	2
663	15.4 	2
664	13.1 	2
665	12.0 	2
666	12.5 	2
667	14.0 	2
668	19.0 	2
669	23.2 	2
670	28.0 	2
671	32.0 	2
672	34.0 	2
673	36.0 	2
674	38.0 	2
675	40.0 	2
676	40.3 	2
677	40.5 	2
678	39.0 	2
679	35.7 	2
680	31.8 	2
681	27.1 	2
682	22.8 	2
683	21.1 	2
684	18.9 	2
685	18.9 	2
686	21.3 	2
687	23.9 	2
688	25.9 	2
689	28.4 	2
690	30.3 	2
691	30.9 	2
692	31.1 	2
693	31.8 	2
694	32.7 	2
695	33.2 	2
696	32.4 	2
697	28.3 	2
698	25.8 	2
699	23.1 	2
700	21.8 	2
701	21.2 	2
702	21.0 	2
703	21.0 	2
704	20.9 	2
705	19.9 	2
706	17.9 	2
707	15.1 	2
708	12.8 	2
709	12.0 	2
710	13.2 	2
711	17.1 	2
712	21.1 	2
713	21.8 	2
714	21.2 	2
715	18.5 	2
716	13.9 	2
717	12.0 	2
718	12.0 	2
719	13.0 	2
720	16.0 	2
721	18.5 	2
722	20.6 	2
723	22.5 	2
724	24.0 	2
725	26.6 	2
726	29.9 	2
727	34.8 	2
728	37.8 	2
729	40.2 	2
730	41.6 	2
731	41.9 	2
732	42.0 	2
733	42.2 	2
734	42.4 	2
735	42.7 	2
736	43.1 	2
737	43.7 	2
738	44.0 	2
739	44.1 	2
740	45.3 	2
741	46.4 	2
742	47.2 	2
743	47.3 	2
744	47.4 	2
745	47.4 	2
746	47.5 	2
747	47.9 	2
748	48.6 	2
749	49.4 	2
750	49.8 	2
751	49.8 	2
752	49.7 	2
753	49.3 	2
754	48.5 	2
755	47.6 	2
756	46.3 	2
757	43.7 	2
758	39.3 	2
759	34.1 	2
760	29.0 	2
761	23.7 	2
762	18.4 	2
763	14.3 	2
764	12.0 	2
765	12.8 	2
766	16.0 	2
767	19.1 	2
768	22.4 	2
769	25.6 	2
770	30.1 	2
771	35.3 	2
772	39.9 	2
773	44.5 	2
774	47.5 	2
775	50.9 	2
776	54.1 	2
777	56.3 	2
778	58.1 	2
779	59.8 	2
780	61.1 	2
781	62.1 	2
782	62.8 	2
783	63.3 	2
784	63.6 	2
785	64.0 	2
786	64.7 	2
787	65.2 	2
788	65.3 	2
789	65.3 	2
790	65.4 	2
791	65.7 	2
792	66.0 	2
793	65.6 	2
794	63.5 	2
795	59.7 	2
796	54.6 	2
797	49.3 	2
798	44.9 	2
799	42.3 	2
800	41.4 	2
801	41.3 	2
802	42.1 	2
803	44.7 	2
804	48.4 	2
805	51.4 	2
806	52.7 	2
807	53.0 	2
808	52.5 	2
809	51.3 	2
810	49.7 	2
811	47.4 	2
812	43.7 	2
813	39.7 	2
814	35.5 	2
815	31.1 	2
816	26.3 	2
817	21.9 	2
818	18.0 	2
819	17.0 	2
820	18.0 	2
821	21.4 	2
822	24.8 	2
823	27.9 	2
824	30.8 	2
825	33.0 	2
826	35.1 	2
827	37.1 	2
828	38.9 	2
829	41.4 	2
830	44.0 	2
831	46.3 	2
832	47.7 	2
833	48.2 	2
834	48.7 	2
835	49.3 	2
836	49.8 	2
837	50.2 	2
838	50.9 	2
839	51.8 	2
840	52.5 	2
841	53.3 	2
842	54.5 	2
843	55.7 	2
844	56.5 	2
845	56.8 	2
846	57.0 	2
847	57.2 	2
848	57.7 	2
849	58.7 	2
850	60.1 	2
851	61.1 	2
852	61.7 	2
853	62.3 	2
854	62.9 	2
855	63.3 	2
856	63.4 	2
857	63.5 	2
858	64.5 	2
859	65.8 	2
860	66.8 	2
861	67.4 	2
862	68.8 	2
863	71.1 	2
864	72.3 	2
865	72.8 	2
866	73.4 	2
867	74.6 	2
868	76.0 	2
869	76.6 	2
870	76.5 	2
871	76.2 	2
872	75.8 	2
873	75.4 	2
874	74.8 	2
875	73.9 	2
876	72.7 	2
877	71.3 	2
878	70.4 	2
879	70.0 	2
880	70.0 	2
881	69.0 	2
882	68.0 	2
883	68.0 	2
884	68.0 	2
885	68.1 	2
886	68.4 	2
887	68.6 	2
888	68.7 	2
889	68.5 	2
890	68.1 	2
891	67.3 	2
892	66.2 	2
893	64.8 	2
894	63.6 	2
895	62.6 	2
896	62.1 	2
897	61.9 	2
898	61.9 	2
899	61.8 	2
900	61.5 	2
901	60.9 	2
902	59.7 	2
903	54.6 	2
904	49.3 	2
905	44.9 	2
906	42.3 	2
907	41.4 	2
908	41.3 	2
909	42.1 	2
910	44.7 	2
911	48.4 	2
912	51.4 	2
913	52.7 	2
914	54.0 	2
915	57.0 	2
916	58.1 	2
917	59.2 	2
918	59.0 	2
919	59.1 	2
920	59.5 	2
921	60.5 	2
922	62.3 	2
923	63.9 	2
924	65.1 	2
925	64.1 	2
926	62.7 	2
927	62.0 	2
928	61.3 	2
929	60.9 	2
930	60.5 	2
931	60.2 	2
932	59.8 	2
933	59.4 	2
934	58.6 	2
935	57.5 	2
936	56.6 	2
937	56.0 	2
938	55.5 	2
939	55.0 	2
940	54.4 	2
941	54.1 	2
942	54.0 	2
943	53.9 	2
944	53.9 	2
945	54.0 	2
946	54.2 	2
947	55.0 	2
948	55.8 	2
949	56.2 	2
950	56.1 	2
951	55.1 	2
952	52.7 	2
953	48.4 	2
954	43.1 	2
955	37.8 	2
956	32.5 	2
957	27.2 	2
958	25.1 	2
959	26.0 	2
960	29.3 	2
961	34.6 	2
962	40.4 	2
963	45.3 	2
964	49.0 	2
965	51.1 	2
966	52.1 	2
967	52.2 	2
968	52.1 	2
969	51.7 	2
970	50.9 	2
971	49.2 	2
972	45.9 	2
973	40.6 	2
974	35.3 	2
975	30.0 	2
976	24.7 	2
977	19.3 	2
978	16.0 	2
979	13.2 	2
980	10.7 	2
981	8.8 	2
982	7.2 	2
983	5.5 	2
984	3.2 	2
985	1.1 	2
986	0.0 	2
987	0.0 	2
988	0.0 	2
989	0.0 	2
990	0.0 	2
991	0.0 	2
992	0.0 	2
993	0.0 	2
994	0.0 	2
995	0.0 	2
996	0.0 	2
997	0.0 	2
998	0.0 	2
999	0.0 	2
1000	0.0 	2
1001	0.0 	2
1002	0.0 	2
1003	0.0 	2
1004	0.0 	2
1005	0.0 	2
1006	0.0 	2
1007	0.0 	2
1008	0.0 	2
1009	0.0 	2
1010	0.0 	2
1011	0.0 	2
1012	0.0 	2
1013	0.0 	2
1014	0.0 	2
1015	0.0 	2
1016	0.0 	2
1017	0.0 	2
1018	0.0 	2
1019	0.0 	2
1020	0.0 	2
1021	0.0 	2
1022	0.0 	2
1023	0.0 	4
1024	0.0 	4
1025	0.0 	4
1026	0.0 	4
1027	0.8 	4
1028	3.6 	4
1029	8.6 	4
1030	14.6 	4
1031	20.0 	4
1032	24.4 	4
1033	28.2 	4
1034	31.7 	4
1035	35.0 	4
1036	37.6 	4
1037	39.7 	4
1038	41.5 	4
1039	43.6 	4
1040	46.0 	4
1041	48.4 	4
1042	50.5 	4
1043	51.9 	4
1044	52.6 	4
1045	52.8 	4
1046	52.9 	4
1047	53.1 	4
1048	53.3 	4
1049	53.1 	4
1050	52.3 	4
1051	50.7 	4
1052	48.8 	4
1053	46.5 	4
1054	43.8 	4
1055	40.3 	4
1056	36.0 	4
1057	30.7 	4
1058	25.4 	4
1059	21.0 	4
1060	16.7 	4
1061	13.4 	4
1062	12.0 	4
1063	12.1 	4
1064	12.8 	4
1065	15.6 	4
1066	19.9 	4
1067	23.4 	4
1068	24.6 	4
1069	25.2 	4
1070	26.4 	4
1071	28.8 	4
1072	31.8 	4
1073	35.3 	4
1074	39.5 	4
1075	44.5 	4
1076	49.3 	4
1077	53.3 	4
1078	56.4 	4
1079	58.9 	4
1080	61.2 	4
1081	62.6 	4
1082	63.0 	4
1083	62.5 	4
1084	60.9 	4
1085	59.3 	4
1086	58.6 	4
1087	58.6 	4
1088	58.7 	4
1089	58.8 	4
1090	58.8 	4
1091	58.8 	4
1092	59.1 	4
1093	60.1 	4
1094	61.7 	4
1095	63.0 	4
1096	63.7 	4
1097	63.9 	4
1098	63.5 	4
1099	62.3 	4
1100	60.3 	4
1101	58.9 	4
1102	58.4 	4
1103	58.8 	4
1104	60.2 	4
1105	62.3 	4
1106	63.9 	4
1107	64.5 	4
1108	64.4 	4
1109	63.5 	4
1110	62.0 	4
1111	61.2 	4
1112	61.3 	4
1113	62.6 	4
1114	65.3 	4
1115	68.0 	4
1116	69.4 	4
1117	69.7 	4
1118	69.3 	4
1119	68.1 	4
1120	66.9 	4
1121	66.2 	4
1122	65.7 	4
1123	64.9 	4
1124	63.2 	4
1125	60.3 	4
1126	55.8 	4
1127	50.5 	4
1128	45.2 	4
1129	40.1 	4
1130	36.2 	4
1131	32.9 	4
1132	29.8 	4
1133	26.6 	4
1134	23.0 	4
1135	19.4 	4
1136	16.3 	4
1137	14.6 	4
1138	14.2 	4
1139	14.3 	4
1140	14.6 	4
1141	15.1 	4
1142	16.4 	4
1143	19.1 	4
1144	22.5 	4
1145	24.4 	4
1146	24.8 	4
1147	22.7 	4
1148	17.4 	4
1149	13.8 	4
1150	12.0 	4
1151	12.0 	4
1152	12.0 	4
1153	13.9 	4
1154	18.8 	4
1155	25.1 	4
1156	29.8 	4
1157	33.8 	4
1158	38.2 	4
1159	43.4 	4
1160	48.9 	4
1161	53.8 	4
1162	57.8 	4
1163	61.5 	4
1164	65.0 	4
1165	68.4 	4
1166	71.6 	4
1167	73.0 	4
1168	74.3 	4
1169	76.2 	4
1170	77.9 	4
1171	79.5 	4
1172	81.0 	4
1173	82.3 	4
1174	83.5 	4
1175	84.6 	4
1176	85.5 	4
1177	86.3 	4
1178	87.1 	4
1179	88.1 	4
1180	89.1 	4
1181	90.1 	4
1182	91.0 	4
1183	91.7 	4
1184	92.3 	4
1185	92.8 	4
1186	93.1 	4
1187	93.1 	4
1188	93.1 	4
1189	93.1 	4
1190	93.1 	4
1191	93.1 	4
1192	93.1 	4
1193	93.1 	4
1194	93.1 	4
1195	93.1 	4
1196	93.2 	4
1197	93.2 	4
1198	93.3 	4
1199	93.7 	4
1200	94.2 	4
1201	95.0 	4
1202	95.8 	4
1203	96.4 	4
1204	96.8 	4
1205	97.0 	4
1206	97.1 	4
1207	97.2 	4
1208	97.3 	4
1209	97.4 	4
1210	97.4 	4
1211	97.4 	4
1212	97.4 	4
1213	97.3 	4
1214	97.3 	4
1215	97.3 	4
1216	97.3 	4
1217	97.2 	4
1218	97.1 	4
1219	97.0 	4
1220	96.9 	4
1221	96.7 	4
1222	96.4 	4
1223	96.1 	4
1224	95.7 	4
1225	95.5 	4
1226	95.3 	4
1227	95.2 	4
1228	95.0 	4
1229	94.9 	4
1230	94.7 	4
1231	94.5 	4
1232	94.4 	4
1233	94.4 	4
1234	94.3 	4
1235	94.3 	4
1236	94.1 	4
1237	93.9 	4
1238	93.4 	4
1239	92.8 	4
1240	92.0 	4
1241	91.3 	4
1242	90.6 	4
1243	90.0 	4
1244	89.3 	4
1245	88.7 	4
1246	88.1 	4
1247	87.4 	4
1248	86.7 	4
1249	86.0 	4
1250	85.3 	4
1251	84.7 	4
1252	84.1 	4
1253	83.5 	4
1254	82.9 	4
1255	82.3 	4
1256	81.7 	4
1257	81.1 	4
1258	80.5 	4
1259	79.9 	4
1260	79.4 	4
1261	79.0 	4
1262	78.7 	4
1263	78.7 	4
1264	78.8 	4
1265	79.1 	4
1266	79.4 	4
1267	79.6 	4
1268	79.8 	4
1269	79.8 	4
1270	79.6 	4
1271	79.3 	4
1272	78.9 	4
1273	78.5 	4
1274	78.2 	4
1275	77.9 	4
1276	77.7 	4
1277	77.7 	4
1278	77.8 	4
1279	77.9 	4
1280	78.1 	4
1281	78.3 	4
1282	78.3 	4
1283	78.4 	4
1284	78.4 	4
1285	78.4 	4
1286	78.2 	4
1287	78.0 	4
1288	77.7 	4
1289	77.3 	4
1290	76.9 	4
1291	76.6 	4
1292	76.2 	4
1293	75.7 	4
1294	75.2 	4
1295	74.7 	4
1296	74.4 	4
1297	74.3 	4
1298	74.4 	4
1299	74.6 	4
1300	74.9 	4
1301	75.1 	4
1302	75.3 	4
1303	75.5 	4
1304	75.8 	4
1305	75.9 	4
1306	76.0 	4
1307	76.0 	4
1308	76.0 	4
1309	75.9 	4
1310	75.9 	4
1311	75.8 	4
1312	75.7 	4
1313	75.5 	4
1314	75.2 	4
1315	75.0 	4
1316	74.7 	4
1317	74.1 	4
1318	73.7 	4
1319	73.3 	4
1320	73.5 	4
1321	74.0 	4
1322	74.9 	4
1323	76.1 	4
1324	77.7 	4
1325	79.2 	4
1326	80.3 	4
1327	80.8 	4
1328	81.0 	4
1329	81.0 	4
1330	81.0 	4
1331	81.0 	4
1332	81.0 	4
1333	80.9 	4
1334	80.6 	4
1335	80.3 	4
1336	80.0 	4
1337	79.9 	4
1338	79.8 	4
1339	79.8 	4
1340	79.8 	4
1341	79.9 	4
1342	80.0 	4
1343	80.4 	4
1344	80.8 	4
1345	81.2 	4
1346	81.5 	4
1347	81.6 	4
1348	81.6 	4
1349	81.4 	4
1350	80.7 	4
1351	79.6 	4
1352	78.2 	4
1353	76.8 	4
1354	75.3 	4
1355	73.8 	4
1356	72.1 	4
1357	70.2 	4
1358	68.2 	4
1359	66.1 	4
1360	63.8 	4
1361	61.6 	4
1362	60.2 	4
1363	59.8 	4
1364	60.4 	4
1365	61.8 	4
1366	62.6 	4
1367	62.7 	4
1368	61.9 	4
1369	60.0 	4
1370	58.4 	4
1371	57.8 	4
1372	57.8 	4
1373	57.8 	4
1374	57.3 	4
1375	56.2 	4
1376	54.3 	4
1377	50.8 	4
1378	45.5 	4
1379	40.2 	4
1380	34.9 	4
1381	29.6 	4
1382	27.3 	4
1383	29.3 	4
1384	32.9 	4
1385	35.6 	4
1386	36.7 	4
1387	37.6 	4
1388	39.4 	4
1389	42.5 	4
1390	46.5 	4
1391	50.2 	4
1392	52.8 	4
1393	54.3 	4
1394	54.9 	4
1395	54.9 	4
1396	54.7 	4
1397	54.1 	4
1398	53.2 	4
1399	52.1 	4
1400	50.7 	4
1401	49.1 	4
1402	47.4 	4
1403	45.2 	4
1404	41.8 	4
1405	36.5 	4
1406	31.2 	4
1407	27.6 	4
1408	26.9 	4
1409	27.3 	4
1410	27.5 	4
1411	27.4 	4
1412	27.1 	4
1413	26.7 	4
1414	26.8 	4
1415	28.2 	4
1416	31.1 	4
1417	34.8 	4
1418	38.4 	4
1419	40.9 	4
1420	41.7 	4
1421	40.9 	4
1422	38.3 	4
1423	35.3 	4
1424	34.3 	4
1425	34.6 	4
1426	36.3 	4
1427	39.5 	4
1428	41.8 	4
1429	42.5 	4
1430	41.9 	4
1431	40.1 	4
1432	36.6 	4
1433	31.3 	4
1434	26.0 	4
1435	20.6 	4
1436	19.1 	4
1437	19.7 	4
1438	21.1 	4
1439	22.0 	4
1440	22.1 	4
1441	21.4 	4
1442	19.6 	4
1443	18.3 	4
1444	18.0 	4
1445	18.3 	4
1446	18.5 	4
1447	17.9 	4
1448	15.0 	4
1449	9.9 	4
1450	4.6 	4
1451	1.2 	4
1452	0.0 	4
1453	0.0 	4
1454	0.0 	4
1455	0.0 	4
1456	0.0 	4
1457	0.0 	4
1458	0.0 	4
1459	0.0 	4
1460	0.0 	4
1461	0.0 	4
1462	0.0 	4
1463	0.0 	4
1464	0.0 	4
1465	0.0 	4
1466	0.0 	4
1467	0.0 	4
1468	0.0 	4
1469	0.0 	4
1470	0.0 	4
1471	0.0 	4
1472	0.0 	4
1473	0.0 	4
1474	0.0 	4
1475	0.0 	4
1476	0.0 	4
1477	0.0 	4
1478	0.0 	4
1479	2.2 	4
1480	4.4 	4
1481	6.3 	4
1482	7.9 	4
1483	9.2 	4
1484	10.4 	4
1485	11.5 	4
1486	12.9 	4
1487	14.7 	4
1488	17.0 	4
1489	19.8 	4
1490	23.1 	4
1491	26.7 	4
1492	30.5 	4
1493	34.1 	4
1494	37.5 	4
1495	40.6 	4
1496	43.3 	4
1497	45.7 	4
1498	47.7 	4
1499	49.3 	4
1500	50.5 	4
1501	51.3 	4
1502	52.1 	4
1503	52.7 	4
1504	53.4 	4
1505	54.0 	4
1506	54.5 	4
1507	55.0 	4
1508	55.6 	4
1509	56.3 	4
1510	57.2 	4
1511	58.5 	4
1512	60.2 	4
1513	62.3 	4
1514	64.7 	4
1515	67.1 	4
1516	69.2 	4
1517	70.7 	4
1518	71.9 	4
1519	72.7 	4
1520	73.4 	4
1521	73.8 	4
1522	74.1 	4
1523	74.0 	4
1524	73.6 	4
1525	72.5 	4
1526	70.8 	4
1527	68.6 	4
1528	66.2 	4
1529	64.0 	4
1530	62.2 	4
1531	60.9 	4
1532	60.2 	4
1533	60.0 	4
1534	60.4 	4
1535	61.4 	4
1536	63.2 	4
1537	65.6 	4
1538	68.4 	4
1539	71.6 	4
1540	74.9 	4
1541	78.4 	4
1542	81.8 	4
1543	84.9 	4
1544	87.4 	4
1545	89.0 	4
1546	90.0 	4
1547	90.6 	4
1548	91.0 	4
1549	91.5 	4
1550	92.0 	4
1551	92.7 	4
1552	93.4 	4
1553	94.2 	4
1554	94.9 	4
1555	95.7 	4
1556	96.6 	4
1557	97.7 	4
1558	98.9 	4
1559	100.4 	4
1560	102.0 	4
1561	103.6 	4
1562	105.2 	4
1563	106.8 	4
1564	108.5 	4
1565	110.2 	4
1566	111.9 	4
1567	113.7 	4
1568	115.3 	4
1569	116.8 	4
1570	118.2 	4
1571	119.5 	4
1572	120.7 	4
1573	121.8 	4
1574	122.6 	4
1575	123.2 	4
1576	123.6 	4
1577	123.7 	4
1578	123.6 	4
1579	123.3 	4
1580	123.0 	4
1581	122.5 	4
1582	122.1 	4
1583	121.5 	4
1584	120.8 	4
1585	120.0 	4
1586	119.1 	4
1587	118.1 	4
1588	117.1 	4
1589	116.2 	4
1590	115.5 	4
1591	114.9 	4
1592	114.5 	4
1593	114.1 	4
1594	113.9 	4
1595	113.7 	4
1596	113.3 	4
1597	112.9 	4
1598	112.2 	4
1599	111.4 	4
1600	110.5 	4
1601	109.5 	4
1602	108.5 	4
1603	107.7 	4
1604	107.1 	4
1605	106.6 	4
1606	106.4 	4
1607	106.2 	4
1608	106.2 	4
1609	106.2 	4
1610	106.4 	4
1611	106.5 	4
1612	106.8 	4
1613	107.2 	4
1614	107.8 	4
1615	108.5 	4
1616	109.4 	4
1617	110.5 	4
1618	111.7 	4
1619	113.0 	4
1620	114.1 	4
1621	115.1 	4
1622	115.9 	4
1623	116.5 	4
1624	116.7 	4
1625	116.6 	4
1626	116.2 	4
1627	115.2 	4
1628	113.8 	4
1629	112.0 	4
1630	110.1 	4
1631	108.3 	4
1632	107.0 	4
1633	106.1 	4
1634	105.8 	4
1635	105.7 	4
1636	105.7 	4
1637	105.6 	4
1638	105.3 	4
1639	104.9 	4
1640	104.4 	4
1641	104.0 	4
1642	103.8 	4
1643	103.9 	4
1644	104.4 	4
1645	105.1 	4
1646	106.1 	4
1647	107.2 	4
1648	108.5 	4
1649	109.9 	4
1650	111.3 	4
1651	112.7 	4
1652	113.9 	4
1653	115.0 	4
1654	116.0 	4
1655	116.8 	4
1656	117.6 	4
1657	118.4 	4
1658	119.2 	4
1659	120.0 	4
1660	120.8 	4
1661	121.6 	4
1662	122.3 	4
1663	123.1 	4
1664	123.8 	4
1665	124.4 	4
1666	125.0 	4
1667	125.4 	4
1668	125.8 	4
1669	126.1 	4
1670	126.4 	4
1671	126.6 	4
1672	126.7 	4
1673	126.8 	4
1674	126.9 	4
1675	126.9 	4
1676	126.9 	4
1677	126.8 	4
1678	126.6 	4
1679	126.3 	4
1680	126.0 	4
1681	125.7 	4
1682	125.6 	4
1683	125.6 	4
1684	125.8 	4
1685	126.2 	4
1686	126.6 	4
1687	127.0 	4
1688	127.4 	4
1689	127.6 	4
1690	127.8 	4
1691	127.9 	4
1692	128.0 	4
1693	128.1 	4
1694	128.2 	4
1695	128.3 	4
1696	128.4 	4
1697	128.5 	4
1698	128.6 	4
1699	128.6 	4
1700	128.5 	4
1701	128.3 	4
1702	128.1 	4
1703	127.9 	4
1704	127.6 	4
1705	127.4 	4
1706	127.2 	4
1707	127.0 	4
1708	126.9 	4
1709	126.8 	4
1710	126.7 	4
1711	126.8 	4
1712	126.9 	4
1713	127.1 	4
1714	127.4 	4
1715	127.7 	4
1716	128.1 	4
1717	128.5 	4
1718	129.0 	4
1719	129.5 	4
1720	130.1 	4
1721	130.6 	4
1722	131.0 	4
1723	131.2 	4
1724	131.3 	4
1725	131.2 	4
1726	130.7 	4
1727	129.8 	4
1728	128.4 	4
1729	126.5 	4
1730	124.1 	4
1731	121.6 	4
1732	119.0 	4
1733	116.5 	4
1734	114.1 	4
1735	111.8 	4
1736	109.5 	4
1737	107.1 	4
1738	104.8 	4
1739	102.5 	4
1740	100.4 	4
1741	98.6 	4
1742	97.2 	4
1743	95.9 	4
1744	94.8 	4
1745	93.8 	4
1746	92.8 	4
1747	91.8 	4
1748	91.0 	4
1749	90.2 	4
1750	89.6 	4
1751	89.1 	4
1752	88.6 	4
1753	88.1 	4
1754	87.6 	4
1755	87.1 	4
1756	86.6 	4
1757	86.1 	4
1758	85.5 	4
1759	85.0 	4
1760	84.4 	4
1761	83.8 	4
1762	83.2 	4
1763	82.6 	4
1764	82.0 	4
1765	81.3 	4
1766	80.4 	4
1767	79.1 	4
1768	77.4 	4
1769	75.1 	4
1770	72.3 	4
1771	69.1 	4
1772	65.9 	4
1773	62.7 	4
1774	59.7 	4
1775	57.0 	4
1776	54.6 	4
1777	52.2 	4
1778	49.7 	4
1779	46.8 	4
1780	43.5 	4
1781	39.9 	4
1782	36.4 	4
1783	33.2 	4
1784	30.5 	4
1785	28.3 	4
1786	26.3 	4
1787	24.4 	4
1788	22.5 	4
1789	20.5 	4
1790	18.2 	4
1791	15.5 	4
1792	12.3 	4
1793	8.7 	4
1794	5.2 	4
1795	0.0 	4
1796	0.0 	4
1797	0.0 	4
1798	0.0 	4
1799	0.0 	4
1800	0.0 	4
