#1

# motEffTable
#   efficiency - rows:speeds pu, columns:torques pu
# maxIceTau
#   First column: speed, 2nd column: torque
# specificCons  (=specific consumption)
#   First row: (from column 2) speed, 1st column (from row 2): torque; body: spec. consumption.
# optispeed
#   First column Power (W); second column optimal speed (rpm)

double maxIceTau (7,2)
80	380
100	620
120	800
170	800
220	670
230	650
240	570

double motEffTable (6,6)
    0.00  0.00  0.25  0.50  0.75  1.00 
    0.00  0.75  0.80  0.81  0.82  0.83 
    0.25  0.76  0.81  0.82  0.83  0.84 
    0.50  0.77  0.82  0.83  0.84  0.85 
    0.75  0.78  0.83  0.84  0.85  0.87 
    1.00  0.80  0.84  0.85  0.86  0.88
double gensetDriveEffTable (6,6)
    0.00  0.00  0.25  0.50  0.75  1.00 
    0.00  0.75  0.80  0.81  0.82  0.83 
    0.25  0.76  0.81  0.82  0.83  0.84 
    0.50  0.77  0.82  0.83  0.84  0.85 
    0.75  0.78  0.83  0.84  0.85  0.87 
    1.00  0.80  0.84  0.85  0.86  0.88
double genEffTable (6,6)
    0.00  0.00  0.25  0.50  0.75  1.00 
    0.00  0.75  0.80  0.81  0.82  0.83 
    0.25  0.76  0.81  0.82  0.83  0.84 
    0.50  0.77  0.82  0.83  0.84  0.85 
    0.75  0.78  0.83  0.84  0.85  0.87 
    1.00  0.80  0.84  0.85  0.86  0.88
double specificCons(10,9)
	0	0	80	100	120	170	220	230	240
	0	999	999	999	999	999	999	999	999
	100	280	280	280	280	280	280	280	280
	200	215	213	219	225	231	252	255	260
	300	210	208	208	207	214	228	230	237
	400	213	204	204	199	204	218	218	222
	500	213	205	205	198	202	213	214	215
	600	213	213	213	198	205	212	213	214
	700	213	213	213	198	294	210	211	214
	800	213	213	213	213	213	210	211	214
double optiSpeed(9,2)
	0          800
	20000      850
	40000     1100
	60000     1250
	80000     1280
	100000    1340
	120000    1400
	140000    1650
	160000    2130
